265,4
265,3
265,2
265,1
265,0
264,3
264,2
264,1
264,0
263,3
263,2
263,1
263,0
262,5
262,4
262,3
262,2
262,1
262,0
261,3
261,2
261,1
261,0
260,5
260,4
260,3
260,2
260,1
260,0
259,4
259,3
259,2
259,1
259,0
0,564
258,4
258,3
258,2
258,1
258,0
257,3
257,2
257,1
257,0
256,3
256,2
256,1
256,0
255,5
255,4
255,3
255,2
255,1
255,0
254,3
254,2
254,1
254,0
253,5
253,4
253,3
253,2
253,1
253,0
252,4
252,3
252,2
252,1
252,0
0,563
251,4
251,3
251,2
251,1
251,0
250,3
250,2
250,1
250,0
249,3
249,2
249,1
249,0
248,5
248,4
0,562
248,3
248,2
248,1
248,0
247,3
247,2
247,1
247,0
246,5
246,4
246,3
246,2
246,1
246,0
245,4
245,3
245,2
245,1
245,0
244,4
244,3
244,2
244,1
244,0
243,3
243,2
243,1
243,0
242,3
242,2
242,1
242,0
241,5
241,4
241,3
241,2
241,1
241,0
240,3
240,2
240,1
240,0
239,5
239,4
239,3
239,2
239,1
239,0
238,4
238,3
238,2
238,1
238,0
0,561
0,560
237,4
237,3
237,2
237,1
237,0
236,3
236,2
236,1
236,0
235,3
235,2
235,1
235,0
234,5
234,4
234,3
234,2
234,1
234,0
233,3
233,2
233,1
233,0
232,5
232,4
232,3
232,2
232,1
232,0
231,4
231,3
231,2
231,1
231,0
0,559
0,558
0,557
230,4
230,3
230,2
230,1
230,0
229,3
229,2
229,1
229,0
228,3
228,2
228,1
228,0
227,5
227,4
227,3
227,2
227,1
227,0
226,3
226,2
226,1
226,0
225,5
225,4
225,3
225,2
225,1
225,0
224,4
224,3
224,2
224,1
224,0
0,556
0,555
223,4
223,3
223,2
223,1
223,0
222,3
222,2
222,1
222,0
221,3
221,2
221,1
221,0
220,5
220,4
220,3
220,2
220,1
220,0
219,3
219,2
219,1
219,0
218,5
218,4
218,3
218,2
218,1
218,0
217,4
217,3
217,2
217,1
217,0
216,4
216,3
216,2
216,1
216,0
215,3
215,2
215,1
215,0
214,3
214,2
214,1
214,0
213,5
213,4
0,554
0,553
